0 1 2 3 4 5 6 7 8 9:10 11 12:13 14 15 16:17:18 19 20 21 22 23 24 25 26 27 28 29 30 31 32 33 34 35 36 37 38 39 40 41 42 43 44 45 46 47
10 31 36 41 48 49 50 51 52 53:3 54 55 56 57 58 59:60 61 62:0 7 11 15 23 30 39 40 47 63 64 65 66 67 68 69 70 71 72 73 74 75 76 77 78 79 80 81
39 40 82 83 84 85 86:26 49 73 87 88 89:0 1 5 19 54 55 57 58 90 91 92 93 94 95:21 44 96 97 98:30 37 47 48 80 99 100 101 102 103 104 105 106 107 108 109
50 51 110:69 111:2 112:14 15 17 18 21 30 31 35 44 45 54 55 57 74 76 80 91 96 104 113 114 115 116 117 118 119 120 121 122 123 124 125 126 127 128 129 130 131 132 133 134
3 6 27 57 59 91 95 107 115 135 136 137:17 26 50 62 78 79 82 85 89 120 138:13 32 139 140:141 142:31 33 38 72 126 143 144 145 146:30 104:16 108 147:11 124 148 149 150
7 38 49 60 62 84 88 151 152 153 154:28 81 82 144:15 16:1 3 9 27 42 51 57 66 71 74 96 100 103 104 109 117 118 119 126 134 155 156 157 158 159 160 161 162 163 164 165
60 166:50 104 167:31 77 79 82 85 149:90 129 156:83:0 9 10 13 19 24 34 57 63 73 74 91 92 96 108 118 124 147 150 164 168 169 170 171 172 173 174 175 176 177 178 179 180
35 118 149:56 95 166:26 181:30 97 127:148 167:65:3 4 7 10 17 27 28 37 45 50 51 64 72 78 82 84 88 89 90 100 128 129 139 147 153 154 163 182 183 184 185 186 187 188
0 8 53 57 59 118 119:39:84:1 3 12 17 22 26 33 43 49 50 52 56 60 61 65 77 79 81 82 92 96 100 102 109 113 125 133 140 141 151 181 186 187 189 190 191 192 193 194
4 7 85 89 91 119 182:40 84 132 192:81 82 189:12:195:65:8 11 19 24 28 35 43 56 58 59 71 77 90 100 118 129 137 140 144 159 163 171 185 187 196 197 198 199 200 201 202
50 97 127 203:1 3 4 55 57 59 104 136 170:17 63 84 126 204 205:15 18 24 25 28 29 34 64 67 73 74 75 78 79 81 85 99 115 118 121 143 147 154 164 166 178 184 206 207
18 76 89:54 78 171 208:34 79 209:4 16 28 30 31 42 50 53 57 59 69 71 72 80 82 85 87 97 104 109 133 134 149 150 157 168 170 178 180 185 192 196 203 210 211 212 213 214
114:52 199:76 116:96:29 109:192:1 7 15 25 59 61 62 66 75 77 79 89 90 106 107 118 125 128 146 147 148 162 168 173 177 185 191 198 201 202 203 211 215 216 217 218 219 220 221
21 42 99:222:50 117 154 199:223:91:29:8 9 24 26 28 31 34 38 40 41 47 59 73 81 85 88 100 104 118 119 124 133 134 139 141 146 156 164 167 171 214 220 221 224 225 226 227
119 153 188 228:40 85 90 217:0 15 96 106 116 146:25 50:12 89 141 224:2 57 107 229:104:8 10 20 22 24 28 31 48 72 77 79 95 100 143 156 164 166 169 185 195 199 214 230
87 123 139 223:44 69:54 59 126 171:20 31 100 116 133:5 12 17 25 30 34 46 50 66 74 77 85 90 93 101 102 104 106 109 115 118 130 135 141 145 164 179 181 182 187 207 213 227
68 170 171:50:105:0 1 8 31 34 37 39 44 47 55 57 63 76 77 82 85 88 89 94 102 103 104 108 112 119 133 164 167 168 176 187 192 194 195 201 207 208 210 213 216 219 224 231
22 28 38 133:46 58:232:1 7 8 17 24 27 31 32 34 36 44 49 54 59 70 71 72 94 98 99 100 121 128 135 138 140 144 152 155 162 174 177 178 183 193 206 207 213 221 233 234
117 184:49 89 97 141 168:28 31 51 82 100 120 138 146 149 202:58 177 182:0 19 29 33 47 52 53 59 72 81 85 101 109 119 129 133 147 164 165 167 170 171 174 190 196 209 223 235
49 73 88 97 141 165 221 224:4 7 56 60 68 91 119 125 129 167 193 213:47 82:34 48 79 128:26 84 145 202:38 51 100 146 209 211 227:164:0 15 37 44 61 113 115 158 236 237
12 153 166:31 133 152 205 234:40 146 182:5 7 8 10 15 24 28 30 37 41 48 53 56 57 60 64 78 90 92 95 99 107 126 137 145 148 160 180 187 189 206 214 221 224 230 236 238
50 141 154 200 211 224:36 77 84 132 188 217 219:4 7 40 140 167 199:30 203:72 175 225:151:3 24 37 53 57 59 91 92 94 100 104 108 146 164 166 168 201 210 216 222 235 237 239
0 7 54 59 68 90 119 167:31 34 39 41 72 81 85 105 120 146 164 189:13 49 53 60 73 124 145 160 200 204 213 223 230:14 15 20 21 55 65 67 99 103 108 125 134 161 168 191
25 60 62 153 155 178:17 49 89:39 76 128 208:1 6 59 125 167 170 236:15 37 44 57 64 69 72 94 97 100 103 104 111 118 146 150 166 169 177 184 200 206 214 220 234 237 238 240
76 77 85 241:2 6 9 58 89 167 171 179 229:61 120 155 217:78 138 232:32 72 164:59 60 119 125 190 242:0 37 63 64 69 83 100 104 107 108 109 111 115 121 175 194 204 214 219
14 243:81 84 120 151 157 207:72 117 124 141 154 188:121:135:11 16 17 22 30 39 40 44 47 49 51 60 61 76 87 88 97 111 118 125 133 152 164 166 168 170 202 215 219 236 237 244
13 180 196 243:12 58 59 90 91 92 103 104 115 125 136 151 167 245:38 76 84 85 88 89 147 155 172 183 219 232:14 17 20 23 31 37 47 63 71 87 101 134 164 173 189 204 214 221
7 68 104:24 38 50 134:31 85:65 111 130 194:0 10 14 17 26 29 46 53 57 61 77 80 82 90 96 100 102 107 109 113 116 120 140 143 144 146 158 164 166 169 171 173 179 180 213
104 168:4 56 90 170:72 79 117 172 176:50 154:0 1 12 15 16 17 26 30 31 37 40 51 54 68 69 77 78 80 88 138 144 164 165 173 181 187 189 197 200 218 219 236 237 242 246
69:131:4 68 159 168 229:81 85 95 119 204 219 230:84:1 11 14 15 19 26 28 34 37 39 51 60 73 78 79 90 107 109 116 143 145 162 163 164 180 181 184 187 200 218 238 241 244
62 79 153 154 166 192:4 9 90:13 16 108 218:28 34 35 39 160 189:2 3 14 17 64 65 67 68 69 71 73 74 75 88 97 110 113 114 137 151 168 170 172 185 210 215 223 235 242
192:0 136 140 170:109:40 82 146 207:74 193:3 19 24 35 44 47 56 59 60 68 76 77 79 85 91 99 100 108 118 125 131 133 139 142 156 158 161 167 168 177 182 184 197 219 224 240
77 84 85 145 202:51 70 79 126:25 36 49 205:65:0 20 24 28 30 32 34 46 55 59 60 63 66 67 80 82 97 102 108 119 133 134 136 141 161 166 167 168 188 190 198 215 230 247
28 62 82 133 188:105 247:77 84 207:72 218:3 7 12 24 33 34 36 41 48 49 50 51 59 60 73 78 79 88 89 91 97 104 118 119 124 129 134 137 141 164 168 170 179 230 236 243
102 228:77 128 159:36 47:194 237:94 95 154 168 171:17 76 88 166 184 213 245:24 28 31 44 56 72 78 81 87 109 120 136 137 145 147 161 165 182 187 191 193 196 198 201 215 223 235
23 105 147 148:25 74 79 85 146 181 183 247:30 104:88 89 141 155 174 213:60 68 103 182:31 39:1 2 14 15 19 34 65 66 84 100 109 119 138 139 162 164 168 171 202 206 220 248
47 72 79 84 126 201 223:7 56 67 114 119 163 182 220 229:18 76 82 123 133 154 207 211 213:49 73 141 212:20 24 28 34 60 68 77 90 100 116 147 164 166 168 183 200 206 218 237
8 55 60:40 76 79 84 85 133 143 145 146 184 205 242:33 50 51 63 72 99 162:15 16 19 24 37 49 53 54 64 65 68 74 88 104 111 129 131 141 149 151 167 171 177 206 222 241
39 63 82 133:1 3 8 58 91 94 119 137 162 186:49 50 141:14 24 25 26 30 32 34 47 53 73 76 77 84 85 104 124 134 144 151 152 164 169 175 189 192 196 205 211 213 215 241
68 88 154 171:72 115 163 190:241:37:0 11 15 20 22 25 28 33 34 39 43 44 47 55 63 71 76 84 89 91 99 100 102 113 123 125 130 147 164 166 167 172 180 197 204 213 239 244
28 36 41 47 120 189 233:61 74:35 50 115:54 56 89 94 210:105:1 20 25 26 51 60 63 69 78 88 96 100 111 117 122 125 128 131 141 160 164 165 171 201 207 213 220 245 246 248
63:40 41 128 189 209:3 60 94 115 171 182 210:15 61 72 180:146 236:1 6 7 11 26 30 44 46 50 58 59 64 77 87 101 104 116 129 141 142 168 192 194 203 220 221 226 228 241
0 8 18 27 59 76 118 119 171 186:37 74 140 201 218 235:99 237:7 14 15 26 31 39 40 46 49 61 66 67 68 78 104 125 127 128 133 134 138 141 143 154 164 166 167 184 215 238
0 12 24 49 52 68 73 110 112 120 163 168 171 199 229 248:23:99:11:3 6 14 15 30 34 36 39 50 51 60 66 78 88 90 103 109 117 129 139 164 166 186 192 195 198 200 217 238
8 9 27 114 118 170 206:84 128:72 79 139:12 74 213:14 15 17 20 25 30 34 35 37 55 60 65 66 68 69 81 85 106 109 120 121 127 129 141 147 148 164 176 178 183 191 207 237
15 24 42 63 72:3 79 192 193:104 229:39 65 81 146 157:7 8 17 30 44 55 57 59 60 64 78 96 98 108 121 124 125 137 151 153 162 171 173 181 182 186 187 220 235 238 241 242
42 109:50:4 30 90 111 147 183 184 192 224:84 219:1 5 6 15 26 31 39 43 45 47 49 55 56 57 63 64 85 97 119 120 129 132 146 150 152 154 164 170 171 181 194 206 221 244
39 76 81 89 100 132 140 181 204 226:6 91 104 171:7 40 60 129 143 166:88:3 19 25 28 37 54 57 68 78 80 83 97 98 111 116 120 136 151 169 182 190 196 206 219 222 223 238
7 91 92 95 140 210:36 38 76 78 84 100 126:167 225:72 97 208:20 28 47 133:9 14 27 34 37 44 45 85 88 96 101 104 107 113 120 124 125 141 181 183 211 213 224 226 231 242
53 61 141:155:96:16 99 232:8 17 31 35 37 44 48 56 57 71 72 78 88 89 100 104 117 118 120 122 125 133 135 163 166 169 171 172 173 174 186 191 212 213 220 221 225 242 244 245
26 181 202:3 7 60 90 190:89 221:72:28 39 40 41 47 62 76 128 133 153:1 11 15 21 22 23 27 33 57 70 85 115 125 130 137 146 148 162 167 178 179 180 186 187 195 196 238
57 62 112 114 140 154 186:50 223 235:20 71 111:7 10 12 17 28 29 31 38 39 47 49 51 52 59 75 77 95 100 101 102 104 108 109 117 119 139 146 155 175 179 181 192 198 226 239
14 21:30 40 50 62 76 88:17 156:78 79 106 126 201 232 247:1 9 11 13 15 19 20 24 33 36 72 95 98 113 123 125 130 149 157 164 170 173 191 194 204 214 215 216 217 222 239
2 60 104 117 119 155 174 234:13 61 72 98:34 50 84 219:105 116 146:11 15 17 47 48 65 67 71 83 87 89 97 115 125 126 132 149 163 166 170 173 187 192 194 201 203 213 227 236
6 28 49 53 61 133:63 100 128:17 34 75 85 88 167 213:4 7 9 14 15 16 29 33 38 39 60 67 76 77 79 84 89 90 116 118 159 162 174 175 186 194 195 198 199 200 207 222
25 30 75 77 89 192 234:3 9 53 141 171 212:51 64 147:21 72 175:20 28 82 133 233:63:7 10 14 17 37 38 45 68 90 97 113 118 130 146 161 166 178 179 182 225 235 236 238
0 8 56 57 67 92 159 177 213 216:17 62 73 88 89 139 141 142 200:82 84 104 120 127 133 155 214 234:15 45 167:14 32 34 37 44 51 74 86 131 134 166 184 188 191 219 230 241
24 31 36 44 112 131 196:111:7 20 26 28 30 47 51 54 56 60 76 79 85 88 97 100 114 120 137 148 149 155 160 165 166 170 171 174 187 190 192 195 201 203 219 223 228 234 236 247
25 35 47 52 89 113 133 151 160 166 174 188 209 213 226 245:24 42:22 91 104:1 3 8 15 37 49 57 60 65 67 70 78 81 87 97 105 108 109 114 118 119 152 172 186 191 198 201
25 72 89 153 155 183 184 211 239:63 109 152:37 65 71 130:28 31 81 84 116 133 219:2 10 170 210:44:14 20 32 57 59 78 85 86 125 126 127 132 166 168 169 187 190 204 206 216
4 56 137 170:28 31 47 81 189:24 33 61 152 244:212 221 224:48 146 195 204 238:194:116:155:7 15 26 51 55 57 59 73 82 88 102 139 143 154 162 166 168 179 180 188 228 230 235
19 113 172 229:30 39 72 84 134 141 145 154 192:139 222:0 11 12 17 20 24 33 37 44 51 58 61 70 73 76 86 100 103 104 116 119 122 132 147 148 162 168 171 179 181 219 239 242
3 59 66 67 113 117 118 141 177 186 199 213:36 41 47 50 63 105 126 209:24 65 108 164 194:2 7 26 29 32 40 44 73 78 89 104 131 138 146 150 163 176 201 214 220 225 226 241
142 192:20 77 80 145 183:10 23 32 34 43 49 131 201 238:1 3 4 27 50 55 57 68 101 103 109 115 119 190:218 222:0 24 25 36 40 60 67 82 130 144 153 168 174 189 194 198
12 38 50 60 84 87 89 181 217:1 2 3 91 113 162:111:28 63 133:10 14 19 24 27 31 41 45 48 77 85 88 95 97 100 128 143 146 150 151 168 171 174 186 201 212 225 236 237
37 42 194:1 45 135 186:134:18 78 81 82 88:72 243:3 7 26 31 33 34 38 44 47 51 58 59 60 68 73 76 79 86 100 106 113 139 158 164 168 171 175 178 179 206 208 231 236
89 174 192 211 239:56 188:2 10 18 24 31 41 59 63 64 68 85 92 97 108 110 115 117 118 122 126 128 132 136 137 138 142 143 146 153 156 167 173 178 179 198 205 208 226 243 244 248
161:79 104 154:7 8 56 90 94 123 136 137 249:37:39 201:1 15 24 28 30 47 49 59 61 74 83 88 113 118 138 141 146 148 153 162 164 166 168 169 174 177 186 192 195 207 220 240
31 96 100 104 164:76 110 117 129 172 209:34 63 79 146 195:54 94 168:10 25 40 47 48 58 59 64 65 68 72 82 83 88 101 108 111 118 131 133 134 152 153 169 173 175 188 196 236
25 49 72 78 88 89 110 166 192 207:28 36 47:83:1 13 17 30 35 41 43 44 68 74 85 87 90 94 96 97 104 125 127 138 139 147 150 151 167 169 187 193 194 197 199 213 214 231
15 60 198:61 171 174:52 175 226:0 4 12 17 23 26 31 34 35 40 45 51 54 57 59 70 72 76 78 84 95 97 103 112 113 114 125 127 128 129 139 143 170 192 194 201 221 240 248
8 10 90 119:27 182:49 51 79 141 192:63:
49 72 79 89 95 110 141 213:16 87 243:4 57 59 90 92 210:133 144 146:32 60 62 117:235:1 5 8 12 15 28 34 52 63 85 109 112 121 142 143 154 168 171 191 203 224 227 228
54 67 91 137 171 186:21 64 72 235:31 81 84 214 217:2 9 17 27 30 43 44 51 58 65 73 79 83 88 90 108 112 113 124 125 128 138 147 166 168 187 195 198 210 221 237 245 246
7 55 57 90 136 171 182 186 210 229 242:52 73 88 110 133 154 155 175 209 213 219 231 245:38 96:0 6 11 24 25 30 31 64 69 71 76 78 102 146 164 165 187 188 189 197 217 226
43 48 53 60 79 119 184:97:122 154 224:10 13 15 17 18 25 26 28 35 40 41 44 47 57 65 68 77 81 83 89 99 101 108 133 144 146 147 152 158 163 164 168 182 201 207 213 219
4 9 136 228 249:26 30 84 126 178:49 50 61 141 164:15 24 235:31 81 209:17 105 146 201:0 8 11 35 37 46 54 58 60 73 101 127 157 160 167 168 170 171 179 182 187 211 244
42 131:54 61 67 104 107 123 136 167 171:34 39 49 83 143 155 176 200 205 224:0 4 23 30 46 47 76 88 90 100 109 110 115 117 118 126 129 130 147 161 186 187 193 195 206 216 236
15 24 63 72 243:12 50 89:79 126 155 209:82 146:8 181:0 13 17 40 42 68 75 77 78 85 91 100 109 115 125 132 135 139 147 153 159 164 168 173 187 195 196 197 201 213 215 219
7 8 53 67 90 118 190 198 243:30 49 72 78 104 110 127 151 178 203 213 232:36 47 81 133:167 199:1 13 15 21 34 43 56 77 99 101 115 124 129 134 136 139 168 201 212 215 231
43 65 99 129:72 79 153 192:3 4 8 9 14 20 24 26 30 34 40 44 49 51 54 59 78 88 90 100 109 114 118 123 125 128 131 133 166 168 177 178 183 185 199 209 219 230 233 244
120 192 231:31 41 116 146 209:99 141 221:72 218 235:167:7 14 20 23 25 27 29 34 39 55 57 67 68 74 77 78 86 87 88 90 100 104 109 115 119 125 128 134 163 164 179 201 219
39 47:17 51 79 204 211 220:30 50:56 89 90 107 162 170 171 190 241:61:1 8 10 16 20 24 34 59 77 84 85 88 95 103 118 163 176 178 188 189 193 208 209 219 223 231 240 243
50 117 192:49 60 153 221:63:81:14 105 137:77 94:4:8 15 24 38 59 65 74 76 82 87 95 100 104 111 118 123 124 126 139 155 158 159 161 168 176 182 185 193 201 216 222 233 241
26 77 84 205:30 154:51 82 122 141 149 192:2 54 59 90 103 125 228:34 79 128 151:8 14 20 33 36 37 43 44 47 57 78 96 100 133 156 164 166 170 171 183 187 200 210 212 227
72 78 96 109 164 208:2 30 50 62 88 178 224:79 84 207:1 9 36 39 40 51 55 59 61 87 91 98 100 103 117 118 121 125 133 139 143 153 157 171 177 188 195 200 215 221 229 245
60 84 145 153 181:4 7 59 73 119 171:0 1 3 20 25 37 44 47 49 51 53 72 76 79 88 91 100 102 104 107 109 110 113 114 118 123 124 128 142 160 164 167 196 211 223 229 235
9 54 68 112 154 193 229:245:10 34 51 124 192:20 82:222:109:111:117:7 17 52 56 62 64 78 79 85 88 118 130 134 166 167 168 171 177 178 184 198 219 220 227 230 236 237 238 240
90 137 170 231:31 126 192 201 212:21:37 71:0 3 14 15 17 19 26 30 34 44 47 51 62 64 75 76 79 87 89 94 103 123 125 127 147 149 153 156 164 175 177 178 189 217 234 245
13 56 68 125 190 192 230:10 44 50 79 84 191 193 238:4 15 91:0 3 5 7 17 31 39 41 57 58 62 70 77 82 88 110 113 121 130 141 151 161 164 165 167 169 183 185 213 239
26 84 85:30 73 97:10 34 39 41 86 138 151 189 204 209:72 83 89 107 109:3 6 7 14 37 51 55 56 60 68 70 76 79 91 104 114 118 119 122 123 125 127 171 192 210 213 223
49 169:3 35 90 91 119 136:192:62 188:74:0 15 20 27 31 34 37 47 51 64 69 70 85 97 100 114 118 125 129 130 133 139 143 157 160 164 167 171 180 209 213 214 236 237 240 241
59 60:145 152:90 115 136 170 171:72 82 247:4 129 165 213 245:6 7 24 30 32 47 50 57 70 77 100 104 108 112 113 120 138 164 180 181 192 194 199 206 209 215 221 234 241 242 243
7 91 115 140 159 167 248:34 49 62 73 79 88 142 151 238:50 90 154:6 8 9 14 21 24 28 36 46 56 78 94 97 100 109 111 113 114 117 119 127 150 194 201 208 213 215 222 236
144 145 157:17 208:9 50 97 228:72:3 4 7 12 14 15 23 26 37 39 41 53 57 61 65 67 73 78 85 89 91 100 102 113 118 121 125 153 182 195 198 200 213 219 233 234 236 237
10 20 69 146 173 196 246:17 26 28 29 31 47 79 82 84 116 133 155 160 166 184 238:43 111 240:0 8 12 15 30 51 55 66 73 88 90 91 94 96 100 114 139 164 174 183 226 242
50 60 88 135 154:34 44 100 228:7 96 231:84 145 219:15 17 28 30 37 39 41 65 72 73 76 78 86 90 101 109 112 115 116 118 129 138 177 198 199 206 207 213 227 239 240 241 246
17:61 180:2 4 7 140:79 84 104 110 174 211 213:28 149:0 29 30 32 33 34 35 49 57 63 65 66 68 69 78 88 90 96 119 120 129 135 139 151 156 168 170 171 225 228 234 239
50:31 36 82:6 8 57 118 119 167 228:117 164:26:37 109:0 13 14 17 38 44 67 74 76 77 85 88 90 91 94 105 125 129 138 141 143 145 148 168 180 186 187 191 198 227 232 235
60 62 78 165 192:0 8 68 92 119 136 137 167 198 199 243 248:50 105 234 247:1 15 17 28 31 34 39 51 69 72 77 80 84 101 104 125 127 157 168 194 197 203 221 233 244 246 249
29 63:60 117 142 183 197:186 196:19 91:3 8 15 17 34 35 37 51 66 71 76 90 99 104 112 113 114 119 134 136 143 146 150 164 168 170 176 179 187 190 210 212 215 220 230 235 242
131:7 166 177:1 153 180 197 223:28:0 2 3 9 18 25 33 38 39 48 49 53 56 57 59 60 72 74 75 97 100 101 104 109 117 120 121 125 140 151 165 183 186 204 209 218 244 245
35 82 186 226:36 79 154 225 231:76 90 141 166 220:7 23 96 196 208 216 223:11 14 27 51 56 65 66 69 72 74 106 120 127 134 136 138 143 185 191 194 201 204 207 213 234 235 238
54 58 190 193 228:23 34 63 91 145 146 156:0 12 49 52 60 141 212 215 246:37 133:5 24 25 35 47 55 61 70 78 86 113 121 125 153 155 166 168 169 188 196 210 226 229 245 247
13 16 17 21 72 196:0 1 53 61 90 104 190:73 78 187 245:79 128 208:31 76 85 133 240:19 30 32 34 52 57 68 87 89 93 103 146 147 150 152 153 163 180 213 217 230 238 249
4 5 8 54 56 57 177:17 35 110 145 154:24 42 61 99 139:141:37 111:82 116:14 26 31 39 47 55 58 77 78 83 84 85 104 109 118 144 148 164 168 191 195 199 213 217 230 245
26 36 46 84 85 128 144 233:12 13 33 60 118 119 142 153 170 171 183 228:14 17 34 38 42 50 55 57 58 63 69 80 96 99 100 108 139 140 157 163 181 209 232 235 240 242 244 248
0 7 53 59 90 91 94 167 170:47 157 219:61 87 123:187:52 88 110 141 181 213:8 17 24 37 45 49 50 63 65 66 68 102 115 126 127 130 143 150 164 171 178 185 189 205 234 243
17 31 41 81 149 230:1 3 8 27 171 193 228 229:15 235:37 43 111:109 152:7 10 12 24 28 44 48 51 63 70 72 74 77 100 103 107 115 145 157 158 163 166 179 200 212 231 249
52 78 90 93 153:31 85 116 138:0 58 119 199:41 125 133 176 192:35 79 128 145:49 88 174 226:72:34 86 184:15 16 17 24 30 57 77 102 121 141 159 166 171 178 230 235 236 248
8 53 57 58 118 136 159 228 245 248:63 126:14 45 158 196 197 223 244:72 189 192:116:2 10 11 12 20 25 37 46 48 56 90 97 120 141 161 164 167 168 173 174 181 214 219 221 233
62 118 190:15 126 193 232:31 79 82 105 145:50 147:8 21 34 37 39 40 41 52 54 56 58 59 61 63 75 76 77 78 81 88 94 96 100 104 133 138 141 155 158 166 194 200 219 248
50 78 161:4 91 119 167 190:12 39 47 77 84 116 141 155 178 192 207 209 217:16 61 109:23 134 147:37 111:2 14 17 33 49 56 59 73 112 125 139 146 154 158 159 168 177 187 220
26 40 102 106 145 166:59 96 109 118 170 235:12 104 107 110 154 167 171 226:31 39 47 81 133 152:24:11 14 27 29 34 37 49 51 56 67 70 76 100 148 150 158 159 175 194 236 242
89 154 192 213 226 234:127 224:0 8 57 59 90 91 119 177 186:96:14 16 25 31 39 41 51 60 63 64 68 75 76 77 80 82 126 134 161 166 168 191 201 219 221 225 237 238 239 240
50 72 78 79 84 89 126 192:49 154 169 212 224:114 136:61 175:1 7 8 11 23 34 47 54 57 59 77 81 85 88 90 109 111 113 118 125 129 146 147 177 185 187 198 201 213 234 242
56 58 59 67 104 110 186 207 231:84 86 94 105 115:96:25 31 34 39 40 43 47 49 53 60 68 75 81 85 88 97 99 120 129 131 146 162 163 165 167 168 185 187 189 209 232 243 245
112 167:85 141 153 184 214 230 234:3 8 55 136 171:9 50 117 154 207:7 14 15 16 25 35 39 41 51 57 66 82 83 87 88 95 118 125 134 140 157 166 173 178 196 212 224 235 247
151:237:6 50 72 74 78 114 132 199:109 235:141:43:3 7 8 12 15 16 17 24 28 31 34 47 49 56 64 68 77 82 117 118 124 135 158 160 171 185 186 195 201 209 213 215 216 249
28 31 82 149 209:63 84 126 128 234:3 7 59 95 242:49 141 142 153 213:10 17 24 32 37 41 44 51 65 68 70 71 85 92 96 102 108 109 123 127 133 138 156 195 201 208 210 227
49 73 110 196:63 78:103 140 198:16 24:50 97 178:28 81 145:1 3 7 11 21 40 44 45 47 53 57 74 76 90 116 119 121 126 133 141 151 159 168 171 172 174 177 183 186 233 238
135 141 153 192:28 75 84 116 133:61 90 108 190 228:50 77 79 102 109 168:1 8 15 17 31 35 37 42 57 76 78 81 85 97 100 103 104 121 125 146 166 171 179 195 198 213 232 240
88 141 169:30 35 145 160 166 185:18 61 89 213:69 225:1 10 22 23 40 47 53 67 77 85 86 96 102 106 111 119 129 137 139 154 171 176 177 187 207 208 214 219 229 235 237 242 247
3 4 19 171 186 229:213:197 233:62 84 154:7 9 30 35 37 38 39 41 43 55 59 68 73 75 77 78 79 83 90 96 101 106 107 119 125 128 137 139 141 177 179 189 221 231 243 249
0 4 8 57 67 91 118 163 171 182 194 210:41 82 83 133 138 207:26 33 76 79 141 153 212:16 17 72 126 164:50 104:109 235:37:44 73 86 100 142 166 169 178 179 186 201 205 213
49:28:3 9 57 125:128:84:1 6 18 30 31 37 43 44 50 52 59 62 76 81 83 109 112 116 124 126 129 132 134 142 147 148 154 156 181 183 187 197 201 203 208 211 227 228 232 236
4 9 54 56 90 92 104 119 154 186:25 33 60 87 88 141 143 167 174 240:15 31 36 51 65 71 99 116 194 237:26 29 41 63 70 76 81 100 161 178 202 204 207 208 210 217 227 236
56 60 85 113:12 25 49 171:114 208:7 59 163 170:15 19 20 31 35 44 46 53 58 61 72 76 79 80 84 86 109 125 133 140 151 154 165 178 184 193 200 203 214 230 231 234 241 248
31 39:213:191:8 13 15 17 26 28 46 53 56 59 60 72 76 77 78 79 85 89 96 97 102 104 109 117 123 124 128 130 131 141 146 148 156 164 166 167 192 196 197 198 205 206 208 223
51 157 198 217:1 12 56 95 119 186 236 242:63 77 88 133 164 213:42 44 125 232:7 8 9 15 17 24 34 39 50 52 68 71 85 90 97 108 111 112 128 167 180 196 225 226 229 239
16 63 72 78:93 117 236:11 21 59 166 208:173 192 198 242:1 12 37 44 90:140:13 15 35 38 50 54 67 68 77 99 109 114 115 118 121 133 134 139 149 164 189 210 231 232 233 245
3 4 7 56 112:64:89 154 157:69 126:50:1 11 16 18 28 34 35 37 38 39 44 45 47 61 63 72 76 77 79 86 88 93 95 100 122 123 125 128 133 137 169 175 192 214 217 219
0 4 8 9 56 57 59 60 68 118 171 186 190:49 174:13 72 77 109 122 154 207 213:69 116 173 195:12 14 15 30 32 37 42 44 96 98 104 129 163 184 187 200 206 230 231 244 247
34 76 146:51 91 95 104 107 135 140 153:75 77 83 88 89 97 141 156 192:1 3 7 12 14 15 35 37 39 43 44 47 53 57 87 90 108 109 133 138 161 170 191 200 219 226 236 246
148:6 12 49 79 89 154 174 176 192:34 126 184 202 207 223 232:14 115 229:8 39 47 68 77 78 83 85 88 91 93 95 117 120 156 164 167 177 191 194 201 218 221 228 234 236 237 243
1 57 59 114 163 171 190 213:49 62 72 81 116 152 179 192:0 10 30 35 36 39 43 65 68 71 74 78 80 97 101 102 115 120 125 134 142 146 147 154 161 162 194 200 230 235 239 240
20 36 128:34 72 76 89 176 179 192 246:115 126:8 15 29 30 42 47 48 51 57 60 64 69 78 99 100 104 112 119 135 136 137 150 151 166 167 168 178 187 188 199 201 213 223 227 231
17 73 141 172:121 136 171 213:13 53 68 91:79 239:1 8 19 20 23 24 30 31 39 44 47 50 57 59 64 66 76 77 80 97 100 105 115 143 144 154 167 168 185 190 204 217 219 234
17 84 100 116 127 189 211:73:8 56 119 125:16 21 72:43:154:7 12 26 34 45 58 60 63 74 83 89 90 103 104 108 115 140 153 167 168 172 180 193 205 210 216 218 221 222 223 230
101 114:89 155 192 197:3 20 41 133:21 104 208 235:92 190:53 59 169 226:1 8 27 28 33 37 46 57 72 84 85 88 108 116 118 127 129 140 148 161 168 181 200 201 204 227 239 247
84:30 178 203:104:37 169:13 112:109:0 14 16 22 28 34 36 42 44 61 64 75 77 90 93 94 95 100 118 119 138 143 145 147 151 161 170 171 174 177 180 189 211 213 215 233 237 240
73 126 127:2 7 8 56 186 216:39 81 82 84 152:72:79 128 166 184:235:0 1 3 5 10 14 24 28 64 65 69 76 88 93 94 96 102 125 130 139 164 189 191 198 215 226 236 240
8 12 56 57 61 66 167 210 213:17 34 35 48 166 204:26 77:82 209:37:99:14 15 23 29 30 47 50 51 75 79 89 92 98 100 104 109 117 119 122 130 134 141 173 179 242 246 248
26 34 40 60 62 66 79 128 153 207 209:17 141:76 161:3 7 19 68 89 177 213:23 32 37 39 47 53 61 64 70 74 77 84 85 95 99 118 130 149 164 167 170 188 194 195 235 245
31 63 72 81 107:8 49 96 155:3 4 91 115 149 171:0 7 13 15 17 29 30 33 39 55 57 58 59 60 88 100 108 109 123 128 133 135 164 168 177 188 189 224 226 228 237 245 249
22 50 203:12 141:166 211:63 84 128 144:192:0 14 16 25 32 34 52 54 59 64 66 70 75 78 80 87 100 101 104 105 114 129 147 150 167 176 177 194 206 208 220 229 234 236 243 247
7 8 60 91 115 119 137 168:26 49 76 88 202 224:28 36:84 126 128 184:97 145:10 14 17 31 37 41 44 48 55 57 63 64 68 89 94 114 125 139 141 151 157 163 166 171 242 245
13 72 164 222:152:1 3 57:34 79 147:2 4 9 10 18 24 28 30 33 37 38 39 41 42 45 48 76 77 81 84 86 87 89 100 101 104 106 108 119 125 130 168 171 176 191 219 241
40 56 78 85 125 139 141 164 166 173 179 189 226 231:15 35 63 100 106 147:29 31 82 104 112:3 13 19 61 90 98 108 113 119 190 206 222 242:42 44 53 79 130 165 168 178 213 235
25 49 78 100 117 174 192 219 241:3 8 26 128 180 199:30 33 37 63 64 70 197 208 243:28 40 125 147:44 46 51 56 68 76 109 120 121 149 160 168 171 177 210 221 225 226 239 245
7 90 136 167 229:63 151:130:47 75 77 85 133 144:240:50 66 72 76 154 165 213 226:1 20 24 51 54 57 58 74 87 109 115 120 125 132 134 163 169 171 177 194 196 197 211 234 242
17 49 60 61 126 166 192 211:20 39 40 82 209 220:0 3 137:164:96 143 151:145:104:14 16 19 37 44 50 51 57 59 69 73 115 118 135 141 148 152 163 171 172 173 201 213 221 245
33 40 63 107 136 154 155 161 162 195 196 225:247:129:0 14 15 16 17 36 39 44 55 56 57 61 73 75 77 78 79 81 82 89 96 101 104 106 116 125 135 141 150 166 187 190 211 230
29 53 54 104 190 225:20 31 60 64 81 226:50 65 77 85 117 126 134 166 184 235:24 109:129:13 25 34 51 79 89 90 94 113 118 119 142 154 169 171 179 198 199 200 216 233 238 245
3 7 8 59 67 114 177 228:72 123 196:31 41 81 84 105:11:15 23 27 28 38 47 54 57 63 77 87 88 94 97 100 109 128 131 138 156 162 166 172 178 184 189 191 195 206 224 243
28 34 47 78 79 83 116 146 209:40 62 72 117 154:4 56 171:141 221:3 9 17 27 37 43 44 57 58 66 77 98 103 104 113 119 125 130 139 148 164 168 176 186 210 214 216 237 246
89 154 211 213:3 7 8 54 119 171:41 158 159:16 50 115 125 134 225 235:15 24 28 30 33 53 59 81 95 104 106 109 118 140 143 153 168 169 175 184 204 215 217 232 233 236 239 249
30 81:4 19 57 140 193:32 72 108:111:77 106:1 11 28 34 37 41 47 49 61 65 66 70 73 76 78 88 90 95 109 112 113 120 121 127 134 147 175 177 184 186 197 201 209 223 234
7 53 57 119 137 163 171 176 193 242:40 62 78 184 188 202:13 16 72 109 177:50 104 154 211:39 133:10 24 26 28 31 37 44 84 87 98 100 103 111 118 134 147 164 165 173 214 235
99 235:0 8 9 54 55 56 57 90 113 119 171 182 206:109:11 15 16 20 30 45 46 48 50 60 66 71 72 76 77 88 96 100 101 130 141 146 147 151 152 154 169 172 173 203 215 238
49 85 245:128:31 47 81 189 219:176 213:56 68 89 92 94 119:30:7 15 34 37 44 53 57 60 63 71 77 80 84 86 87 99 103 106 108 109 115 118 156 163 187 190 191 194 218 241
14:88 141:84 145:3 54 170 182:0 2 15 18 20 30 39 42 44 49 57 61 62 63 64 67 82 83 89 91 92 108 110 122 123 124 129 133 138 143 147 166 194 213 219 222 223 225 226
1 94 101 109 119 142:31 34 38 47 77 80 84 106 133 143 166:95 96 103 129 146 218:12 149 211 230:10 15 25 40 45 53 63 65 69 93 104 116 118 125 147 158 161 163 184 196 248
49 79 207 209:34 232:47 138 146:119 140 190:21 235:196 222:0 3 14 15 24 31 36 55 56 59 68 69 76 78 92 100 106 109 117 121 122 133 153 156 166 176 179 187 202 224 230 242
0 1 7 35 54 59 60 94 112 115 159 170 209:85 97 154 192 203 208 241:96 231:105:69:37:17 26 29 38 44 47 49 57 65 70 73 75 76 77 89 91 126 127 131 158 227 233 237
9 53 92 119 136 216:76 77 78 79 87 164 175 192:20 41 97 127 223:88 174:3 7 14 15 31 37 40 74 81 113 118 131 132 135 152 157 167 187 188 191 194 198 203 213 214 220 230
194 237:24 136 243:18 19 78 96 123 222 230:44:11:14 17 25 28 30 31 34 56 58 90 93 100 103 104 106 111 116 118 124 132 133 134 141 144 146 156 164 165 168 171 190 200 216 234
40 48 73 84 85 88 89 90 117 154 166 171:45 51 61 76 111 116 126 133 146 200:28 30 52 60 78 86 100 128 132 195:21:17 29 37 44 81 83 96 119 124 125 134 159 214 231 246
0 57 59 95 137 216 229:49 73 141 221 224:14:30 50:211 234:24 25 26 29 36 37 39 43 44 46 63 68 81 84 89 93 97 118 142 143 147 148 164 166 168 184 185 191 222 223 227
49 88 142 212 224:26 35 166:102 149 228:61 65 87 147:8 58 67:98 104 176:17 22 31 37 39 42 54 56 76 85 90 97 109 113 114 117 118 141 144 145 146 151 161 222 234 237 245
61:57 60 90 93:84 89 110 154:148:152:10 11 16 17 22 24 26 31 33 37 51 54 68 70 77 78 85 100 113 116 126 141 143 147 156 158 167 175 176 179 201 210 217 218 221 231 238
76 103:162 166:56:37:88 172 174:38 89 109:0 1 3 8 11 13 23 25 26 30 32 34 43 44 47 53 54 57 74 84 90 96 100 111 118 139 171 181 182 207 216 220 224 233 235 244
2 4 59 113 221:46 47 82 84 202 207:11:35 49 50 60 62 72 153:30 97:1 5 6 14 15 17 31 34 36 42 54 57 65 68 79 87 109 116 118 126 139 155 168 187 191 215 222
7 8 57 60 68 101:28 39 133:88:50 89 120 239:116:21 225:83:3 11 17 22 24 37 49 53 56 59 69 78 109 111 112 113 117 119 123 128 143 148 150 151 182 188 194 201 209 241
85 88 141 200:1 54 56 90 167 193 231:50 78 84 202:139 187:39 41 133 149:63 208:3 12 17 20 21 32 34 35 38 57 59 61 94 104 125 129 151 152 158 163 195 210 213 230 248
7 27 56 57 58 59 94 115 119 136 163 190 229 236:62 73 141 192 241:50 203:13 14 18 21 24 39 44 63 84 91 92 100 104 109 118 121 126 128 139 148 156 168 169 173 207 240 248
35 241:3 74 223 228:18 56:224:7 12 14 15 17 23 24 25 26 30 39 43 47 53 58 59 60 65 69 79 80 88 106 117 118 124 134 138 143 145 164 174 176 178 195 204 209 213 248
4 90 92 112 119 137 170 171 182 190 206:10 35 85 128 138 146 166:23 100:24 235:39 75 82 209 233:60 78 79 89 123 140 164 192 239 245:17 127:15 16 40 49 65 108 109 131 136
34 36 82 84 146 217:49 122 172:8 17 50 201:72 79 126 223:18 25 78 153:71:15 24 26 46 68 74 114 125 127 129 135 143 150 151 165 166 167 185 193 195 197 202 203 225 237 247
56 59 82 105 199:123 170:143 154 205:113:179 248:15 17 28 31 35 39 47 51 57 60 61 62 76 81 85 87 88 90 91 95 101 124 133 134 138 141 146 153 156 168 201 206 207 213 238
4 5 59 119:142 245:34 153 217:2 8 13 15 17 26 28 31 39 48 50 53 54 55 56 73 75 78 79 88 89 90 100 118 123 128 130 136 140 141 144 146 166 168 184 197 207 230 232
1 3 90 119:63 79 238:20 28 31 40 47 82 106 133 145 146 202:109:45:37 65:12 22 44 50 60 61 69 73 76 89 97 104 122 129 154 164 165 166 171 172 179 180 192 200 227 235
53 54 56 121 122 153 174 213 242:154 234 239:47 77 79 81 82 144:7 13 17 21 32 34 35 43 57 59 65 87 101 107 125 134 137 140 150 168 175 181 184 191 193 197 217 230 232 235
12 73 142:0 7 112 118 136 167 177:18 38 62 72 114 166 213:99:217:116:81:108 196:34 79 126:5 15 16 24 35 39 57 64 87 89 100 109 121 134 147 161 183 184 189 209 225 238
25 78 143 185 202 211 232:49 148 173 205:20 82 133 189:1 16 58 74 92 93 94 123 187 222 246 249:17 22 37 42 44 47 54 59 60 61 72 89 97 125 130 138 163 178 218 241 242
133 157:7 60 78 90 100 196:11 214:191 225:131:54:3 17 24 26 30 31 32 34 42 46 48 62 67 73 77 85 86 97 120 134 141 146 152 153 156 158 159 163 168 184 206 216 230 249
1 40 53 57 58 59 68 85 89 92 95 119 135 141 169 186 199 234:20 49 67 72 76 138 157 168 175 185 219:8 27 38 39 51 56 77 78 79 103 109 139 164 179 195 206 235 237 241
7 33 56 59 68 73 90 95 177:26 39 50 89 126 154 155 202 225 226 238 245:88 172:243:8 14 15 23 28 44 46 63 64 91 97 103 110 115 118 137 138 139 147 164 182 199 201 212
8 119 170 190:77 85 208:169 196:5 15 16 24 30 31 39 49 50 52 53 61 68 73 79 88 89 91 95 100 103 109 117 127 134 140 153 157 166 173 176 180 181 203 206 220 231 243 248
13 72 223 244:31 39 81 133:24 69:134 227:43 129:0 118 167:40 126 153:30 141:28 50 60 128 217:8 170:4 90 125 199:109:58 115:14 16 46 59 75 77 96 111 123 173 205 235
0 11 59 119 229:37:126 233:52 142 154 162 172 188 198 213:42:8 14 17 39 47 48 53 68 72 78 83 84 91 100 103 108 109 112 125 128 140 157 164 165 168 182 200 227 237 241 247
12 89 97 142 183 224:79 133 146 155 166 181 184 197 202 213:3 60 154:0 8 16 24 39 43 59 61 66 77 78 85 93 96 100 104 112 115 129 164 168 173 175 177 179 189 201 233 249
10 25 38 51 126 155:4 13 89 95 117 125 163 182 206:147:189:17 24 34 46 53 54 55 61 76 78 80 100 104 112 115 130 134 146 150 151 153 157 158 164 183 200 202 213 237 242 243
81 82 133:12:4 7 17 22 30 34 37 44 50 52 59 66 71 79 84 90 95 99 100 113 119 122 131 135 137 139 141 145 147 148 151 156 166 167 171 179 185 189 190 209 211 212 221 240
50 78 83 122 143 155:3 7 29 53 60 90 115 125 136 137 182:12 13 51 61 62:39 47 116 133 149 233:6 9 24 64 65 76 92 94 98 100 101 106 134 163 191 199 201 206 210 238
36:4 91 113 136:89:51:88 141:109:24 72 150:99:0 2 12 14 20 23 37 43 46 50 59 60 61 68 70 73 85 86 96 100 118 119 120 130 149 153 160 164 166 171 195 206 230 241
57 79 91 104 202:28 141 151 198:21 31 112:10 15 22 40 47 49 60 68 72 76 81 86 89 92 100 102 118 130 133 137 140 147 162 166 172 183 201 213 215 216 221 224 226 241 242 246
37 99 194 237:64 196:34 78 146 195:7 67 115:72 164:144:14 26 35 50 56 62 76 77 85 91 98 100 102 106 109 110 119 125 131 133 141 142 152 155 165 166 168 171 178 179 201 223
17 20 33 51 144 233:25 48 79 151 203 246:8 85 152 244:4 12 88 141 142 172 198 224:14 15 18 26 28 37 39 40 41 44 57 59 72 111 130 132 154 158 164 184 191 216 236 249
30 50 192 200:115 170 190 199:26 84:146 173:16 65 109:152:0 1 5 7 25 34 35 52 56 68 85 90 91 98 104 112 120 123 125 131 143 159 166 167 176 179 182 191 225 237 238 248
3 8 57 108 118 182:92 104 168 171 192 213:49 141 142:28 31 77 85 166:2 14 17 34 44 63 65 66 71 74 76 82 89 98 119 125 128 147 157 160 164 165 174 186 195 214 222 227
31 47 81 84 144 164:26 49 50 73 192 213:72:109:8:2 12 15 17 29 61 78 92 93 94 97 104 118 119 120 123 124 125 129 140 141 154 160 166 169 183 206 211 230 236 243 244 249
24 34 104 158:54 59 67 119 167 170 216 228 229:35 62 78 110 141 184:77 207 234:21 37 96:28 47 82:12 44 48 57 70 73 80 84 102 120 129 166 171 174 181 185 187 209 217 239
57 87 190:105 106 112 145 192 219:141 212:72 126:12 17 18 28 34 36 37 40 47 67 78 81 84 85 108 115 118 122 125 127 135 140 148 149 150 155 181 184 185 189 196 206 218 235 237
30 97 178 203:34 39 50 81 116 120 128 236:16 96 115 131 197:7 56 58 90 94 119 159 248:8 12 14 20 26 37 52 57 61 66 73 77 84 87 100 103 141 195 202 206 209 219 238
3 7 80 90 92 115 119 154 171 229:37 96 155 197:187:24:123 222:44 191:8 18 29 30 34 36 41 49 76 78 83 91 104 124 126 143 149 152 153 161 178 184 209 219 221 230 241 245
72 96:126 135:39 84:15 42 108:0 57 67 231:7 20 28 31 37 53 55 59 73 88 89 109 113 118 119 128 138 139 141 142 151 153 166 169 174 189 193 206 211 216 223 233 241 242 246
3 9 19 53 68 108 118 137 159 190:34 72 77 83 99 110:28 81 116 133 141:30 89 93 213 234:11 112:15 24 25 44 61 63 64 65 75 97 109 135 151 160 168 179 207 214 237 248
76 242:3 54 67 190:58 115:7 8 14 17 20 32 37 39 42 51 59 64 73 77 81 88 91 100 119 124 128 140 142 148 151 153 164 166 174 178 185 192 200 211 215 217 219 226 243 248
0 2 4 6 7 19 55 58 119 137 190 242:228:123:144:11 17 26 32 34 44 48 59 60 61 65 71 76 79 85 90 100 110 125 148 167 168 174 179 203 207 208 213 225 235 236 240 247
49 73 88 141:0 56 59 68 90 190:50 104 168 178:12 15 17 26 31 32 37 39 52 53 55 61 62 63 77 83 84 91 101 146 147 151 152 181 186 192 195 201 204 208 213 215 218 226
7 18 26 28 31 34 48 77 78 79 84 89 94 110 135 184 195 212 231:8 10 57 104 106 125 134:70:3 67 119 163 186 198:14 24 27 71 75 76 81 107 115 130 190 194 217 235 239
83 84 144:164:100:15 148:109:50 73:3 5 7 12 22 28 31 39 40 44 49 53 54 58 62 76 81 82 90 91 96 97 101 115 116 128 133 134 140 151 166 168 171 186 188 198 210 230
4 19 54 137 186:28 39 82 144 219 233:11 99 235:60 78 88 90 141 192 228:0 8 14 15 17 26 34 51 53 66 79 85 91 109 110 139 145 147 174 184 187 195 201 214 221 240 243
34 86 126 151:0 20 36 199 225 234:26 235:11 14 28 31 37 39 47 49 55 61 82 87 88 89 90 92 102 107 115 118 121 136 137 141 170 171 178 185 186 222 230 237 239 242 244 246
60 82 213:84 185 220:37 111:91 190:0 1 2 7 13 14 17 26 34 50 51 55 57 61 72 73 96 97 100 102 103 118 130 137 142 154 159 164 165 169 180 182 194 196 197 212 224 231
59 73 79 89 141 153 154 192 245:90 135 167:151 195 208 238:7 9 30 104 162 168:32 83 84 109 114 145:4 8 57 119:16 20 27 31 48 76 88 100 125 134 156 181 187 231 235 241
31 84:79 109 122 141 211:57 107 119 167 190:0 8 10 11 24 28 30 37 51 56 66 73 80 85 88 96 104 108 110 111 112 116 124 127 134 143 144 159 166 187 198 202 208 238 243 247
13 88 122 151 171:24 54 61 118 154:31 56 98 112 148 188:1 3 9 15 26 30 34 50 57 60 76 85 89 104 115 129 138 141 147 150 156 166 173 189 198 204 207 213 227 235 237 246
49 141 174:79 89 129 171 234:15:0 1 8 20 24 34 37 45 50 55 57 65 76 78 80 85 90 100 101 109 115 121 142 151 153 179 186 187 189 190 196 198 204 206 207 220 228 236 242
4 27 53 94 119 140:151 161 164 208:49 174:17 18 50 51 77 79 84 192:20 31:15 114 223:68 168:19 24 37 40 44 57 60 65 75 78 89 100 110 138 154 163 167 184 194 231 247
80 92:152 249:196 219:50 82 87:11 179:100:13:3 4 5 8 15 19 30 34 40 45 46 54 57 69 74 84 85 88 91 101 109 119 128 133 149 151 164 168 184 186 191 202 214 217 235
51 89 168:60 90 125 186:28 41 47 77 85 189 214:13 24 63 139:12 174:62 143 155 176:0 3 4 54 94:6 11 20 57 73 99 100 103 104 113 116 118 166 171 182 196 201 241 242
7 59 68 119 170:33:213:17 97 127 141:30:15 23 34 36 41 42 50 51 57 60 69 77 78 82 84 85 86 99 100 109 114 115 164 166 167 173 189 192 197 199 200 234 237 238 239 248
108 139 222 223:0 57 59 114 118 119 249:33 129 142 151 155:28 36 47:35 62 104 147 197:14 26 31 32 39 41 76 81 84 87 100 103 115 116 128 143 145 156 166 178 189 207 213 239
1 8 18 40 49 57 60 88 91 119 141 166 170:167:47 81 84 144:35:10 17 23 24 25 30 34 51 65 68 69 100 108 109 113 131 138 147 160 162 184 187 208 213 223 234 235 237 247
4 9 54 57 94 167:15 16 61 72 222:21 24:31 133:10 26 28 30 33 34 37 44 51 66 68 73 76 77 78 89 100 112 115 121 125 150 154 155 168 172 174 183 192 196 204 219 239
3 4 53 78 91 96 108 118 125 180 182 198:17 49 50 104 156 166 176 239:14 24 32 164 218:111:20 39 106:45 186 217:0 8 12 57 89 90 97 115 141 143 154 155 165 167 203 249
54 56 94 118 119 190 206:30 178:0 7 14 17 21 31 34 37 76 80 88 93 100 105 106 122 123 125 129 133 144 147 152 164 167 179 182 189 191 200 207 213 219 221 226 228 229 234 240
18 34 56 59 60 78 89 149 153 198 201 239:84 181:104:3 90 115 118 119 193:109:20 24 26 29 30 44 50 63 71 73 74 76 96 97 101 102 133 141 143 158 166 169 174 184 187 247
67 72 94 103 107 115 175:47 84 89 133 178 185 203:7 12 14 16 18 23 26 56 60 65 66 68 71 83 113 119 123 126 129 134 143 152 153 156 164 176 196 198 207 213 214 225 228 246
68 190 192 206 228 231 248:30 34 44 50 113 164 201:39 47 65 108 191 223:17 20 28 29 32 51 54 56 57 59 61 78 84 88 89 99 110 116 118 119 122 149 156 178 195 200 203 245
28 36 47 116 219:7 57 103 125 170 186:21 191 247:65 111 194:3 30 39 42 55 64 66 68 70 73 110 124 126 129 137 148 151 152 154 165 166 168 171 187 189 190 196 198 201 221 235
0 56 57 58 59 68 90 91 92 177:7 12 53 60 61 78 88 89 217:17 30 49 50 77 79 85 129 176 178 192 201 213 231:13 31 37 47 100 125 133 138 167 171 189 208 209 233 239
0 53 56 59 90 92 113 125 136 177 199:30 39 81 86 100 121 126 151 189 227:84 152:50 79 141 166 176 220 224:23 37 43 44 51 60 67 68 101 118 130 147 186 187 194 222 237 240
56 59 92 94 170 171:125:51 78 143 166 207 230:17 31 39 82:104:42:0 3 14 15 24 37 47 49 77 91 108 111 123 131 134 150 151 152 168 179 185 194 195 197 201 236 240 242 247
8 50 56 90:3 138 160 164:0 153:72 85:97 152:115 187:10 12 17 29 34 40 42 47 51 53 54 55 59 63 73 89 91 109 110 113 119 140 149 151 167 170 171 183 186 190 196 213
